3.562532034434609529e-02 3.865958768886461339e-02 3.404806103606611289e-02 3.746788810022214783e-02 3.626805021019025022e-02 3.349341481485566124e-02 3.386858627483556317e-02 3.974386114569088135e-02 3.362108729021553305e-02 8.054115032914477279e-02 3.825980845854382723e-02 3.454106041417108475e-02 3.693578003704703350e-02 3.831744675594275090e-02 3.795895118051845207e-02 3.880443033225020738e-02 3.776706272090634559e-02 3.979644246644446770e-02 3.869571252292475921e-02 3.952267109896080016e-02 3.483205483639354588e-02 3.399510136390666154e-02 3.856063767102465428e-02 3.900899530889859190e-02 3.568682532218527687e-02 3.398001227544992370e-02
3.583250775927285248e-02 3.889470869481848059e-02 3.409133076753796676e-02 3.741861103890592455e-02 3.675903763637576593e-02 3.347898031915068351e-02 3.384428807118865234e-02 4.002128086631089737e-02 3.352861256604839496e-02 3.617869919813303248e-02 8.131072992588116166e-02 3.462809675103505763e-02 3.676844013060169558e-02 3.797063535824982822e-02 3.804526064584907302e-02 3.881311114010725649e-02 3.788586981143730187e-02 4.198801578724269817e-02 3.846303629640820260e-02 3.836533096222059097e-02 3.462489150627321571e-02 3.395121628212256076e-02 3.903182642389353696e-02 3.918191972806208540e-02 3.488956497069520268e-02 3.403399736217786742e-02
3.563733433412796803e-02 3.874558221313226941e-02 3.426628959246333372e-02 3.810767082888934232e-02 3.667893480546945834e-02 3.360276634425590075e-02 3.394176455234260842e-02 3.989511360853497529e-02 3.361816496379398805e-02 3.642470189587818097e-02 3.771869106514053743e-02 7.816414566326637670e-02 3.725071030650525111e-02 3.814375960752953987e-02 3.792303587902490919e-02 3.891768243881264799e-02 3.823546810143515357e-02 4.006037349959921251e-02 3.817935939918724181e-02 3.882001871934482456e-02 3.486964152263363065e-02 3.402925457794196001e-02 3.854363345752350595e-02 3.902481269293044119e-02 3.495147332819510677e-02 3.424961660204162844e-02
3.552335290662317346e-02 3.979730829569641526e-02 3.396783524506409579e-02 3.738724149947248582e-02 3.676497602327971626e-02 3.320330140739938957e-02 3.359499161982103937e-02 4.098436424603592310e-02 3.376551219450326519e-02 3.658609453214849844e-02 3.873513341553749129e-02 3.437266204436757733e-02 7.784447263574711950e-02 3.857857039149246992e-02 3.817879392117220355e-02 3.824221219441759773e-02 3.901695035418335095e-02 3.925641857750520464e-02 3.816561846844127720e-02 3.811521701536618040e-02 3.454254011339009944e-02 3.447905803882530401e-02 3.984636218726798906e-02 3.938514468309391864e-02 3.587674165353076094e-02 3.378912633561748091e-02
3.530844995983119933e-02 3.825735760045689132e-02 3.387086656494611020e-02 3.782566999272182762e-02 3.601197256904398875e-02 3.317275781382881400e-02 3.388520801396804893e-02 4.193962339947301249e-02 3.312074411977861815e-02 3.634288615885132578e-02 3.845235958948208660e-02 3.423957849517474117e-02 3.731768633858850714e-02 8.088962916725001007e-02 3.785752082384819667e-02 3.839517929958870951e-02 3.976805678588944681e-02 4.050456513964871552e-02 3.801469925650521886e-02 3.857155925707946020e-02 3.563669521304026200e-02 3.364803512516014589e-02 4.010495697285339223e-02 3.822753120320702969e-02 3.487841319633513265e-02 3.375799794344914312e-02
3.547989645587451557e-02 3.952324236148616748e-02 3.436505775998548173e-02 3.789368690540555890e-02 3.643165997906951115e-02 3.340244007008585925e-02 3.374966867433889378e-02 3.909601265319798125e-02 3.342017317758830958e-02 3.709187617508119539e-02 3.760689297934791120e-02 3.458298465200720928e-02 3.703443613777021581e-02 3.797813376904606714e-02 8.240082337539687829e-02 3.883143811661450562e-02 3.896613952017815435e-02 4.004123790306435282e-02 3.872452621668845407e-02 3.834434898444816914e-02 3.478903218840534439e-02 3.385699882240095215e-02 3.828255363556180152e-02 3.911836162245831139e-02 3.500822557522567657e-02 3.398015228927254300e-02
3.582461717066185575e-02 3.864251800074905430e-02 3.400426596827678394e-02 3.742377903685683432e-02 3.664192266413061894e-02 3.379812567631287207e-02 3.379754042966490873e-02 3.957902278054149792e-02 3.345224688989247713e-02 3.621071133486519072e-02 3.777395003520981481e-02 3.453684139748848525e-02 3.697974989531965795e-02 3.820703970091968160e-02 3.807928011838156851e-02 8.507588038476568415e-02 3.791736221181254973e-02 4.081035686831882559e-02 3.831413676427729981e-02 3.827813797861957801e-02 3.463247767416753609e-02 3.397900095767771717e-02 3.851024976677813044e-02 3.858910457646375775e-02 3.496843022870154555e-02 3.397325148914607379e-02
3.576461090392400732e-02 3.832883414140698247e-02 3.374922462462498496e-02 3.911361709285001570e-02 3.677202236020553350e-02 3.339803832777774734e-02 3.385538618434204977e-02 3.967410943004457541e-02 3.335580066741482275e-02 3.591307227351111381e-02 3.780672903974439947e-02 3.430676482105964736e-02 3.731833526078209839e-02 3.874960301396976337e-02 3.962450603838577751e-02 3.823021681799305960e-02 8.015403272609808449e-02 4.077034704740006149e-02 3.885638062267250670e-02 3.921352086926500891e-02 3.458811374095190766e-02 3.369747072939380944e-02 3.943234694225417059e-02 3.848750366633653386e-02 3.476893021922066590e-02 3.407048243837071388e-02
3.561082244044900397e-02 3.896835085135690740e-02 3.393202848349461537e-02 3.720798658948647197e-02 3.669278957319612594e-02 3.430759707616427845e-02 3.378012420529426241e-02 3.982741727526876996e-02 3.355821264737910564e-02 3.586006119937009545e-02 3.934199333424855116e-02 3.513407491777115199e-02 3.632802325397814502e-02 3.839278473791917640e-02 3.808542570950072120e-02 3.941430711653243907e-02 3.777109081373803551e-02 8.322918022990173637e-02 3.835157774271808623e-02 3.886980025767077657e-02 3.445867032270651109e-02 3.378923789020175927e-02 3.866859735978611656e-02 3.955849757364181957e-02 3.477295376532841403e-02 3.408839463289695115e-02
3.597913677330011328e-02 3.935137577399662467e-02 3.389203884551435231e-02 3.782825512833894871e-02 3.666883996236611903e-02 3.341599097041751676e-02 3.396122121691817763e-02 3.985483573733901441e-02 3.347857384415629800e-02 3.699240806193336562e-02 3.792472585791194922e-02 3.448505622649628705e-02 3.722355395517826931e-02 3.784143333570472167e-02 3.825071220726597443e-02 3.887179971883783502e-02 3.815788497919993943e-02 3.999328700243110629e-02 8.235410671277708372e-02 3.865498456245174824e-02 3.481564356433281687e-02 3.390170576215390669e-02 3.859072989942926440e-02 3.865726819413580623e-02 3.485486834229769432e-02 3.399956336511514993e-02
8.162557015556819173e-02 3.936605503692598013e-02 3.392764569562228827e-02 3.726267530336702105e-02 3.616071718901531229e-02 3.342138444188445107e-02 3.386260269721351468e-02 3.940988217301655966e-02 3.340499958316364704e-02 3.635446048067050850e-02 3.838697959706427465e-02 3.448225550124081606e-02 3.771776109520747627e-02 3.825182919261287118e-02 3.803231094561927011e-02 3.860014428782603674e-02 3.779220040492259347e-02 4.031862637211629241e-02 3.835425616933990645e-02 3.866707381762497786e-02 3.465443853784219014e-02 3.389297542688989029e-02 3.844698843665043941e-02 3.882068630188763997e-02 3.479883476649033025e-02 3.398664639021751338e-02
3.548922631718003096e-02 3.863841953194023515e-02 3.402841177656419636e-02 3.766614215654855852e-02 3.670431179931914201e-02 3.386159475261101004e-02 3.378465815792834614e-02 3.973245650674060020e-02 3.385090121882271263e-02 3.650612701073428085e-02 3.778062230051995596e-02 3.441938611434855466e-02 3.690544722754936918e-02 3.806771845550700056e-02 3.793652582618313451e-02 3.873179763236141160e-02 3.812110986515880595e-02 3.983983266899650960e-02 3.832223458250820503e-02 8.460038434049892142e-02 3.463589478605160615e-02 3.393002043873646206e-02 3.842590490362631644e-02 3.912717927991297279e-02 3.490527676416523700e-02 3.398841558548643116e-02
3.580932882108337628e-02 3.879623168838752106e-02 3.412886141294953907e-02 3.796225708313816227e-02 3.642676395264496381e-02 3.350282218317125055e-02 3.397271108693546149e-02 3.945305799463089125e-02 3.355077024080530684e-02 3.711240747744572882e-02 3.773138184569609782e-02 3.466245720146996639e-02 3.739714560161837287e-02 3.869537129151974508e-02 3.817124554758535154e-02 3.866307841479393187e-02 3.835761896215296451e-02 4.004078211432726686e-02 3.870299655013094420e-02 3.871226974495896311e-02 7.635597272838784422e-02 3.404617668808410103e-02 3.981536579465981551e-02 3.880448911766203046e-02 3.503702587390938872e-02 3.409141058185104906e-02
3.588049451675569268e-02 3.898341795769633134e-02 3.418305957547376067e-02 3.783154095261009875e-02 3.674097583470699313e-02 3.366050524332284133e-02 3.405826907379231466e-02 3.972171390869597141e-02 3.368905725632703047e-02 3.643659229396677829e-02 3.810431864533369434e-02 3.471296675096917361e-02 3.722824039964184317e-02 3.913513994095243337e-02 3.819218081984301211e-02 3.894250213768096769e-02 3.820097633289255140e-02 4.034601145119362520e-02 3.868670851108928915e-02 3.875157777272457416e-02 3.485215074213967451e-02 7.319641378790726904e-02 3.867096978631016924e-02 3.901670625464153525e-02 3.661186309173967285e-02 3.416564696159276465e-02
3.563392481294124642e-02 3.942885044165567870e-02 3.351894459782071845e-02 3.830627966662786960e-02 3.638068265544224661e-02 3.307683555926416163e-02 3.378156909157583460e-02 4.069194020776580739e-02 3.321237839646259266e-02 3.615767753298148451e-02 3.811675574461962507e-02 3.486606129887048072e-02 3.658760694154007675e-02 3.930339108014452298e-02 3.835217472631551050e-02 3.885117758319215492e-02 3.785275292016859056e-02 3.947970631494652355e-02 3.841160059901901902e-02 3.918385375941370319e-02 3.452725701480794523e-02 3.381161278256415020e-02 8.205692832266046899e-02 4.032930228421206104e-02 3.433452942971249727e-02 3.374620623527505719e-02
3.590298341856679870e-02 3.869065204498391142e-02 3.395272425217255724e-02 3.747544599337841731e-02 3.621308194966697813e-02 3.344029269191701320e-02 3.387217185605902181e-02 3.906266746932792605e-02 3.345876970171332565e-02 3.608616392504136045e-02 3.901871545483062004e-02 3.450579040181291079e-02 3.701066884451795908e-02 3.819764578883762945e-02 3.787264669304454129e-02 3.857491670028775216e-02 3.794750479118486758e-02 4.132428902735602733e-02 3.843678727005869072e-02 3.866682519130076184e-02 3.453219570796362686e-02 3.392043217302249947e-02 3.893087467418882008e-02 8.376959949092124824e-02 3.517658869475140393e-02 3.395956579309330342e-02
3.571610202276376267e-02 3.875887165047193356e-02 3.401342242719108261e-02 3.770957222247740825e-02 3.646754807202647053e-02 3.347934936542562578e-02 3.387553722268790701e-02 3.995671166760881438e-02 3.350979182388813538e-02 3.621010129906826469e-02 3.801401657430598935e-02 3.445974196069864770e-02 3.702602340603033254e-02 3.836318936786722172e-02 3.801821517578871101e-02 3.874631561630036136e-02 3.788539336139700592e-02 4.006121884162063690e-02 3.857502300550417346e-02 3.872407339820365529e-02 3.483381030400054673e-02 3.395612812752328569e-02 3.884653260251495072e-02 3.924697631368760653e-02 7.949375650354270628e-02 3.405257766740483333e-02
3.576690876095477839e-02 3.925480302830426649e-02 3.411042627340016981e-02 3.752889559518736429e-02 3.774884492242576439e-02 3.358907006488375674e-02 3.403211369921201740e-02 4.095140737215294258e-02 3.361157978608152880e-02 3.613029513109256713e-02 3.808450414193265826e-02 3.461016119719381029e-02 3.703933614189449525e-02 3.833337392843698399e-02 3.856748645036187778e-02 3.894237782553801319e-02 3.846901085842702184e-02 4.071513560747943433e-02 3.913262867051273131e-02 3.863423960945177454e-02 3.474816086152341527e-02 3.401628683069313902e-02 3.851139630301853023e-02 3.900204141341362396e-02 3.481065926247288445e-02 7.365885626395442254e-02
3.573443301331516442e-02 8.149085697841298992e-02 3.387737910730753005e-02 3.833631215836409006e-02 3.695298419415810054e-02 3.343998283096621948e-02 3.384210528036404875e-02 3.973906996453443335e-02 3.349596137997908063e-02 3.663296088667877815e-02 3.774236541997175870e-02 3.439462753931069039e-02 3.697097089995168145e-02 3.801454551443089747e-02 3.821282983292410840e-02 3.880093796297480468e-02 3.806651356991815754e-02 4.090566562144974661e-02 4.026709529365940510e-02 3.866131778975538669e-02 3.455633586074613461e-02 3.386765634742234382e-02 3.849603598841479929e-02 3.855067508792160702e-02 3.488884549584218842e-02 3.406153598122588916e-02
3.570250661161049333e-02 3.884638407017282358e-02 7.438276597194040662e-02 3.809088534811839316e-02 3.778343578399095959e-02 3.364807152819673103e-02 3.403175214039502045e-02 3.994039747561409920e-02 3.365454345283849791e-02 3.651834781936046798e-02 3.790757292015060204e-02 3.484634065894054444e-02 3.722665951223958630e-02 3.829800033009980731e-02 3.865611663744070170e-02 3.878310908631398685e-02 3.861569575327421233e-02 4.023065226724268501e-02 3.817649751663561297e-02 3.889459307786527487e-02 3.490363554885134861e-02 3.406155298621828253e-02 3.850276533099912524e-02 3.915004633214830276e-02 3.492180777619850046e-02 3.422586406314351293e-02
3.552628993311098687e-02 3.964549392970335984e-02 3.392204436440263843e-02 7.888796273890698318e-02 3.644603702140925688e-02 3.337579697808238516e-02 3.377857397939148382e-02 4.016880610954461778e-02 3.340557635311518225e-02 3.775037859737861295e-02 3.773151562043407931e-02 3.491374377923135014e-02 3.755970657577099164e-02 3.805365159407807230e-02 3.985251560176795993e-02 3.861863376352960009e-02 3.799552902822884992e-02 4.015825254166036778e-02 3.870130807100485154e-02 3.881736094470464998e-02 3.464495238520459708e-02 3.399287006971581093e-02 3.811599898657596491e-02 3.911961720488281447e-02 3.483888903120711117e-02 3.397849479695744940e-02
3.632804107336604083e-02 4.006620802670816939e-02 3.437209569611286708e-02 3.806882500825914395e-02 7.885722583897410154e-02 3.349245130347695137e-02 3.389289979104533751e-02 3.965685000703449148e-02 3.357259401078454414e-02 3.642454055643388339e-02 3.779523726766806369e-02 3.565875422458992389e-02 3.717608622858323275e-02 3.844497438310531812e-02 3.785522654501750212e-02 3.850835361650382926e-02 3.780368840477887210e-02 3.988554174543077618e-02 3.923901791907176417e-02 3.840550722047827298e-02 3.453752680351893783e-02 3.393067344646936989e-02 3.841656529200089543e-02 3.870127228808829117e-02 3.482937299600603193e-02 3.408047030649339476e-02
3.619863387605916361e-02 3.965776158572859728e-02 3.450397817633921865e-02 3.814996634235252176e-02 3.763708758792281422e-02 6.368649420188654542e-02 3.441790575227266641e-02 4.045203360291740879e-02 3.410027850298039120e-02 3.694698832854379639e-02 3.840573290826820169e-02 3.500149890736046349e-02 3.763596733678233747e-02 3.874622749054729837e-02 3.855007539557238350e-02 3.968132515720804165e-02 3.854645434268135634e-02 4.139370774891266286e-02 3.878975949753904473e-02 3.907206792350788327e-02 3.524591097536668161e-02 3.452256756860860865e-02 3.926970511348366888e-02 3.948921645240152656e-02 3.540018553533561679e-02 3.449846968942110043e-02
3.626018030038258289e-02 3.939970516177731391e-02 3.411133801129226373e-02 3.769284802817491481e-02 3.695160804479019623e-02 3.357843295668499345e-02 7.317868732564246359e-02 4.047373922616102210e-02 3.362115959356153094e-02 3.646415114198775509e-02 3.778151601798535042e-02 3.483042137691054474e-02 3.704800314559452551e-02 3.822464269641248635e-02 3.810562691802117652e-02 3.850083072377833565e-02 4.004275948443636324e-02 4.050424962273561913e-02 3.884330817660106711e-02 3.846356675200549718e-02 3.483947035164060985e-02 3.403903725484509757e-02 3.881405184691389537e-02 3.902051345596195542e-02 3.513722151678926042e-02 3.407293086891324818e-02
3.576702456395294133e-02 3.895939323724008363e-02 3.392699413621674820e-02 3.728515533525204179e-02 3.653346933648012052e-02 3.341044618472034655e-02 3.374857084896450143e-02 8.253990411790119996e-02 3.342975430697028155e-02 3.600076353360961989e-02 3.796054044713189496e-02 3.445795331131159406e-02 3.785416455769658600e-02 4.091970670838043084e-02 3.786706055581706004e-02 3.855287704551864369e-02 3.817635238930804781e-02 4.036559106728141583e-02 3.834903659120356828e-02 3.847040468261401364e-02 3.540001268674170670e-02 3.387617776088519550e-02 3.847045381590171592e-02 3.886714049832272477e-02 3.476551651224994710e-02 3.404553576832754225e-02
3.610656646204459669e-02 3.973672255831733197e-02 3.453721347472340358e-02 3.806113749396455859e-02 3.723752511587741926e-02 3.403368893597912004e-02 3.459376509805222460e-02 4.056171989589954507e-02 6.329513975721393071e-02 3.674901852011773495e-02 3.883813236743390018e-02 3.500253147382290098e-02 3.782426087225899264e-02 3.842110752863520801e-02 3.887092309087648162e-02 3.925243307983942997e-02 3.875353741478147068e-02 4.040215129896092966e-02 3.934641074438339353e-02 3.940570255670849259e-02 3.520540353975597919e-02 3.452590582803034130e-02 3.952730131038980493e-02 3.966694275911186035e-02 3.543322205214823745e-02 3.461153677067272533e-02
